version https://git-lfs.github.com/spec/v1
oid sha256:a4a5e50898badc9db00079e07eb080cf11533696e7d3242c41762918ad323686
size 733
