version https://git-lfs.github.com/spec/v1
oid sha256:47cbea9b6adbf6268f4b037795d8d8dcd033750157d24898163180cb879845f6
size 1115
